Search 0.01 : 85364 records, 5 ms
[1] 9427126 10227242 1
[846] 9327220 9627256 0.99
[1705] 9327220 9927269 0.98
[2557] 9327220 9727208 0.97
[3452] 9427126 9727266 0.96
[4318] 9427126 9527224 0.95
[5145] 9327220 9627159 0.94
[6030] 9427126 9727203 0.93
[6899] 9427126 9827219 0.92
[7706] 9327220 9627233 0.91
[8562] 9327220 10027151 0.9
[9367] 9427126 9727212 0.89
[10269] 9427153 9927169 0.88
[11117] 9427132 9827120 0.87
[11983] 9327220 9827120 0.86
[12791] 9427126 9827148 0.85
[13649] 9327220 9827250 0.84
[14531] 9427126 9827127 0.83
[15388] 9327220 10127164 0.82
[16268] 9427132 10027232 0.81
[17105] 9327220 9627137 0.8
[17921] 9327220 9627175 0.79
[18776] 9327220 9727149 0.78
[19648] 9427132 10027107 0.77
[20491] 9427126 9927267 0.76
[21425] 9327220 9927108 0.75
[22259] 9327220 9627252 0.74
[23113] 9327220 9927150 0.73
[24005] 9427126 9527159 0.72
[24878] 9327220 9727244 0.71
[25729] 9427126 9627161 0.7
[26602] 9327220 9827139 0.69
[27425] 9327220 9427163 0.68
[28296] 9327220 9627265 0.67
[29132] 9327220 10127115 0.66
[29950] 9327220 9727225 0.65
[30809] 9327220 9927204 0.64
[31681] 9427153 9827122 0.63
[32548] 9327220 9827113 0.62
[33389] 9427126 10227139 0.61
[34241] 9327220 10127225 0.6
[35135] 9327220 9727109 0.59
[36015] 9327220 10227139 0.58
[36847] 9327220 10027109 0.57
[37669] 9327220 9820120 0.56
[38483] 9427126 9927120 0.55
[39336] 9327220 9827215 0.54
[40224] 9327220 10227235 0.53
[41109] 9427132 9827107 0.52
[41940] 9327220 9527220 0.51
[42801] 9327220 10127123 0.5
[43681] 9327220 9727171 0.49
[44492] 9427132 9627117 0.48
[45332] 9327220 10227116 0.47
[46181] 9327220 10127125 0.46
[47023] 9327220 9827131 0.45
[47894] 9427126 9927113 0.44
[48733] 9327220 10227115 0.43
[49551] 9327220 9827228 0.42
[50439] 9327220 9527112 0.41
[51297] 9327220 9927264 0.4
[52124] 9427132 9827234 0.39
[52970] 9327220 10027214 0.38
[53841] 9427153 10027206 0.37
[54707] 9427153 9727214 0.36
[55564] 9427132 10127212 0.35
[56413] 9427132 10027146 0.34
[57253] 9427126 9627260 0.33
[58076] 9327220 9527101 0.32
[58937] 9327220 9827106 0.31
[59792] 9327220 10027104 0.3
[60636] 9327220 10027264 0.29
[61423] 9327220 9627108 0.28
[62251] 9327220 10127138 0.27
[63100] 9427157 9527222 0.26
[63898] 9327220 9727260 0.25
[64760] 9327220 9727113 0.24
[65663] 9327220 10027107 0.23
[66578] 9327220 9727145 0.22
[67394] 9327220 9727103 0.21
[68262] 9327220 9527153 0.2
[69101] 9427132 9527208 0.19
[69978] 9427132 9927150 0.18
[70840] 9427126 9327220 0.17
[71650] 9327220 10227202 0.16
[72529] 9327220 9627234 0.15
[73348] 9327220 9727155 0.14
[74245] 9327220 9727106 0.13
[75114] 9327220 9727102 0.12
[75964] 9327220 10027234 0.11
[76811] 9427126 9827226 0.1
[77697] 9427126 9727171 0.09
[78550] 9427132 9627265 0.08
[79397] 9427126 9727230 0.07
[80235] 9427132 10227207 0.06
[81052] 9327220 9724338 0.05
[81963] 9327220 10227224 0.04
[82795] 9327220 9727243 0.03
[83677] 9427126 10027241 0.02
[84512] 9327220 9827173 0.01
