[1] 9727162 9927267 1
[188] 9627175 10127243 0.99
[373] 9724338 10227106 0.98
[575] 9627175 9927235 0.97
[774] 9724338 9920113 0.96
[971] 9627175 10227232 0.95
[1157] 9627268 10027135 0.94
[1333] 9627175 10020117 0.93
[1522] 9627175 9827121 0.92
[1724] 9727142 10227239 0.91
[1906] 9724338 10027243 0.9
[2082] 9727162 9927108 0.89
[2274] 9627175 9927166 0.88
[2483] 9627175 10127123 0.87
[2683] 9727150 9827159 0.86
[2888] 9627175 9927119 0.85
[3103] 9727150 10027211 0.84
[3254] 9627175 10227112 0.83
[3439] 9727142 9927227 0.82
[3624] 9627175 10227211 0.81
[3801] 9627268 9927213 0.8
[3982] 9727150 10127106 0.79
[4165] 9627175 10120104 0.78
[4345] 9627268 10220102 0.77
[4562] 9627175 10227245 0.76
[4730] 9727142 10127239 0.75
[4909] 9724338 10127226 0.74
[5080] 9627268 9827276 0.73
[5283] 9627268 9927108 0.72
[5472] 9627175 10127211 0.71
[5663] 9627175 10127136 0.7
[5872] 9727214 10027132 0.69
[6060] 9627175 10127222 0.68
[6235] 9727154 10027121 0.67
[6447] 9627268 10227154 0.66
[6620] 9724338 9927225 0.65
[6779] 9627175 10127110 0.64
[6966] 9627175 9927262 0.63
[7154] 9627175 9927145 0.62
[7352] 9627175 10127171 0.61
[7525] 9727142 9927204 0.6
[7705] 9727142 9827157 0.59
[7883] 9724338 9827174 0.58
[8070] 9627175 9927221 0.57
[8275] 9727162 9727229 0.56
[8446] 9724338 10027266 0.55
[8623] 9627268 10227247 0.54
[8816] 9627175 10027149 0.53
[9011] 9627268 10227104 0.52
[9188] 9727154 9827271 0.51
[9386] 9724338 9927270 0.5
[9573] 9627268 10027112 0.49
[9758] 9627175 9927106 0.48
[9945] 9627175 9927211 0.47
[10147] 9627268 10127245 0.46
[10367] 9627175 9927134 0.45
[10583] 9724338 10127141 0.44
[10809] 9627175 10227150 0.43
[10978] 9627175 10027121 0.42
[11131] 9727163 9927225 0.41
[11312] 9627175 9727254 0.4
[11509] 9727162 10027264 0.39
[11696] 9724338 9827141 0.38
[11876] 9627175 9727214 0.37
[12071] 9627268 10027264 0.36
[12268] 9724338 10227254 0.35
[12446] 9727142 10027168 0.34
[12636] 9627268 10027101 0.33
[12838] 9724338 10027103 0.32
[13019] 9627268 9927147 0.31
[13243] 9727150 9727251 0.3
[13430] 9627175 9827271 0.29
[13605] 9627268 10027151 0.28
[13794] 9627175 10027213 0.27
[13981] 9627175 9827163 0.26
[14187] 9727154 9927166 0.25
[14383] 9627268 9727266 0.24
[14560] 9627268 10227114 0.23
[14773] 9727142 10127207 0.22
[14964] 9727142 10027268 0.21
[15141] 9727142 10127249 0.2
[15351] 9627175 10027132 0.19
[15552] 9727150 9927164 0.18
[15751] 9724338 9727272 0.17
[15936] 9627175 10027109 0.16
[16104] 9627268 10127235 0.15
[16311] 9627175 10227222 0.14
[16504] 9627268 10124137 0.13
[16693] 9627175 10027238 0.12
[16856] 9627175 10127147 0.11
[17033] 9627268 10127125 0.1
[17211] 9727154 10027109 0.09
[17408] 9724338 9927215 0.08
[17595] 9627268 10127138 0.07
[17800] 9724338 10027126 0.06
[17992] 9727142 10127163 0.05
[18181] 9627175 10027203 0.04
[18386] 9627268 9927137 0.03
[18572] 9627175 10127263 0.02
[18762] 9727142 9727162 0.01
