Search 0.01 : 21958 records, 0 ms
[1] 3102535 10327151 1
[219] 4106076 10327220 0.99
[444] 3102535 10427244 0.98
[658] 3102535 10327120 0.97
[874] 3102535 10327136 0.96
[1080] 4106034 10227154 0.95
[1319] 3102535 10327131 0.94
[1552] 4106034 4106076 0.93
[1768] 3102535 4106034 0.92
[1979] 3102535 10427202 0.91
[2203] 10027151 10327131 0.9
[2425] 4106034 10427232 0.89
[2673] 4106034 10427170 0.88
[2890] 3102535 10127264 0.87
[3107] 4106034 10227121 0.86
[3323] 4106034 10327221 0.85
[3516] 3102535 10427147 0.84
[3739] 4106076 10327130 0.83
[3930] 4106034 10127256 0.82
[4161] 4106034 10227138 0.81
[4368] 3102535 10227215 0.8
[4600] 3102535 10220135 0.79
[4812] 3102535 10227136 0.78
[5034] 3102535 10427127 0.77
[5244] 3102535 10227121 0.76
[5482] 4106034 10320108 0.75
[5676] 3102535 10327257 0.74
[5893] 3102535 10027212 0.73
[6114] 3102535 10127261 0.72
[6335] 4106034 10227134 0.71
[6537] 3102535 10427102 0.7
[6759] 3102535 10427216 0.69
[6969] 9927167 10227146 0.68
[7187] 10027126 10327121 0.67
[7409] 9927167 10327115 0.66
[7638] 3102535 10227240 0.65
[7866] 4106076 10427124 0.64
[8082] 3102535 10227218 0.63
[8298] 3102535 10427226 0.62
[8500] 3102535 10427219 0.61
[8708] 3102535 10320101 0.6
[8947] 3102535 10427142 0.59
[9165] 3102535 10327221 0.58
[9359] 3102535 10327116 0.57
[9597] 4106076 10127171 0.56
[9834] 9927167 10227232 0.55
[10056] 3102535 10127262 0.54
[10253] 4106076 10227107 0.53
[10473] 3102535 10427205 0.52
[10692] 4106034 10427244 0.51
[10926] 3102535 10427240 0.5
[11158] 3102535 10227146 0.49
[11372] 3102535 10227118 0.48
[11606] 3102535 10327215 0.47
[11852] 4106034 10427136 0.46
[12052] 3102535 10327139 0.45
[12288] 3102535 10327155 0.44
[12527] 4106034 10227148 0.43
[12746] 3102535 10127146 0.42
[12987] 3102535 10327127 0.41
[13200] 3102535 10427151 0.4
[13416] 4106034 10327244 0.39
[13648] 3102535 10227202 0.38
[13854] 4106034 10227101 0.37
[14069] 3102535 10220107 0.36
[14289] 4106076 10327256 0.35
[14536] 3102535 10327145 0.34
[14726] 3102535 10427106 0.33
[14922] 3102535 10427273 0.32
[15142] 4106034 10227153 0.31
[15347] 3102535 10327271 0.3
[15550] 3102535 10227104 0.29
[15782] 4106076 10227209 0.28
[16024] 9927167 10320127 0.27
[16251] 3102535 10227228 0.26
[16463] 4106034 10227207 0.25
[16700] 3102535 10427133 0.24
[16909] 4106034 10320127 0.23
[17152] 4106034 10327250 0.22
[17365] 3102535 10327144 0.21
[17602] 3102535 10427103 0.2
[17814] 4106034 10427208 0.19
[18061] 4106076 10327151 0.18
[18235] 3102535 10427129 0.17
[18433] 4106034 10227233 0.16
[18675] 4106034 10227118 0.15
[18879] 9927167 10427117 0.14
[19097] 3102535 10327208 0.13
[19299] 3102535 10427221 0.12
[19505] 3102535 10327220 0.11
[19712] 4106034 10227215 0.1
[19934] 10027120 10227119 0.09
[20151] 3102535 10127158 0.08
[20367] 4106034 10327216 0.07
[20578] 3102535 10227153 0.06
[20810] 3102535 10427210 0.05
[21080] 4106034 10227129 0.04
[21283] 4106034 10327111 0.03
[21523] 3102535 10127263 0.02
[21747] 4106034 10227103 0.01
